5.0 1.0 -1 
5.0 1.5 47.89 
5.0 2.0 34.30 
5.0 2.5 27.42 
5.0 3.0 23.13 
5.0 3.5 20.18 
5.0 4.0 18.02 
5.0 4.5 16.37 
5.0 5.0 15.07 
5.0 5.5 14.02 
5.0 6.0 13.16 
5.0 6.5 12.44 
5.0 7.0 11.82 
5.0 7.5 11.30 
5.0 8.0 10.85 
5.0 8.5 10.45 
5.0 9.0 10.10 
5.0 9.5 9.79 
5.0 10.0 9.52 
5.0 10.5 9.27 
5.0 11.0 9.05 
5.0 11.5 8.86 
5.0 12.0 8.68 
5.0 12.5 8.51 
5.0 13.0 8.36 
5.0 13.5 8.23 
5.0 14.0 8.10 
5.0 14.5 7.99 
5.0 15.0 7.88 
5.0 15.5 7.78 
5.0 16.0 7.69 
5.0 16.5 7.61 
5.0 17.0 7.53 
5.0 17.5 7.46 
5.0 18.0 7.39 
5.0 18.5 7.33 
5.0 19.0 7.27 
5.0 19.5 7.22 
5.0 20.0 7.16 
5.0 20.5 7.12 
10.0 1.0 -1 
10.0 1.5 56.68 
10.0 2.0 39.31 
10.0 2.5 31.85 
10.0 3.0 27.38 
10.0 3.5 24.38 
10.0 4.0 22.23 
10.0 4.5 20.62 
10.0 5.0 19.38 
10.0 5.5 18.39 
10.0 6.0 17.59 
10.0 6.5 16.93 
10.0 7.0 16.38 
10.0 7.5 15.92 
10.0 8.0 15.53 
10.0 8.5 15.19 
10.0 9.0 14.90 
10.0 9.5 14.65 
10.0 10.0 14.43 
10.0 10.5 14.23 
10.0 11.0 14.06 
10.0 11.5 13.91 
10.0 12.0 13.77 
10.0 12.5 13.65 
10.0 13.0 13.54 
10.0 13.5 13.44 
10.0 14.0 13.35 
10.0 14.5 13.26 
10.0 15.0 13.19 
10.0 15.5 13.12 
10.0 16.0 13.06 
10.0 16.5 13.00 
10.0 17.0 12.95 
10.0 17.5 12.90 
10.0 18.0 12.86 
10.0 18.5 12.82 
10.0 19.0 12.78 
10.0 19.5 12.74 
10.0 20.0 12.71 
10.0 20.5 12.68 
15.0 1.0 -1
15.0 1.5 -1
15.0 2.0 45.34 
15.0 2.5 36.94 
15.0 3.0 32.24 
15.0 3.5 29.19 
15.0 4.0 27.06 
15.0 4.5 25.50 
15.0 5.0 24.32 
15.0 5.5 23.40 
15.0 6.0 22.67 
15.0 6.5 22.08 
15.0 7.0 21.60 
15.0 7.5 21.20 
15.0 8.0 20.86 
15.0 8.5 20.58 
15.0 9.0 20.33 
15.0 9.5 20.12 
15.0 10.0 19.94 
15.0 10.5 19.78 
15.0 11.0 19.64 
15.0 11.5 19.52 
15.0 12.0 19.41 
15.0 12.5 19.32 
15.0 13.0 19.23 
15.0 13.5 19.15 
15.0 14.0 19.09 
15.0 14.5 19.02 
15.0 15.0 18.97 
15.0 15.5 18.91 
15.0 16.0 18.87 
15.0 16.5 18.82 
15.0 17.0 18.78 
15.0 17.5 18.75 
15.0 18.0 18.71 
15.0 18.5 18.68 
15.0 19.0 18.66 
15.0 19.5 18.63 
15.0 20.0 18.60 
15.0 20.5 18.58 
20.0 1.0 -1 
20.0 1.5 -1 
20.0 2.0 53.42 
20.0 2.5 42.89 
20.0 3.0 37.76 
20.0 3.5 34.60 
20.0 4.0 32.46 
20.0 4.5 30.94 
20.0 5.0 29.80 
20.0 5.5 28.93 
20.0 6.0 28.26 
20.0 6.5 27.71 
20.0 7.0 27.28 
20.0 7.5 26.92 
20.0 8.0 26.62 
20.0 8.5 26.37 
20.0 9.0 26.16 
20.0 9.5 25.97 
20.0 10.0 25.82 
20.0 10.5 25.68 
20.0 11.0 25.56 
20.0 11.5 25.46 
20.0 12.0 25.37 
20.0 12.5 25.29 
20.0 13.0 25.21 
20.0 13.5 25.15 
20.0 14.0 25.09 
20.0 14.5 25.04 
20.0 15.0 24.99 
20.0 15.5 24.95 
20.0 16.0 24.91 
20.0 16.5 24.88 
20.0 17.0 24.84 
20.0 17.5 24.81 
20.0 18.0 24.79 
20.0 18.5 24.76 
20.0 19.0 24.74 
20.0 19.5 24.72 
20.0 20.0 24.70 
20.0 20.5 24.68 
25.0 1.0 -1 
25.0 1.5 -1 
25.0 2.0 -1 
25.0 2.5 50.25 
25.0 3.0 44.14 
25.0 3.5 40.69 
25.0 4.0 38.46 
25.0 4.5 36.91 
25.0 5.0 35.78 
25.0 5.5 34.93 
25.0 6.0 34.28 
25.0 6.5 33.76 
25.0 7.0 33.35 
25.0 7.5 33.01 
25.0 8.0 32.73 
25.0 8.5 32.50 
25.0 9.0 32.30 
25.0 9.5 32.14 
25.0 10.0 31.99 
25.0 10.5 31.87 
25.0 11.0 31.76 
25.0 11.5 31.67 
25.0 12.0 31.59 
25.0 12.5 31.51 
25.0 13.0 31.45 
25.0 13.5 31.39 
25.0 14.0 31.34 
25.0 14.5 31.29 
25.0 15.0 31.25 
25.0 15.5 31.21 
25.0 16.0 31.17 
25.0 16.5 31.14 
25.0 17.0 31.11 
25.0 17.5 31.09 
25.0 18.0 31.06 
25.0 18.5 31.04 
25.0 19.0 31.02 
25.0 19.5 31.00 
25.0 20.0 30.98 
25.0 20.5 30.97 
30.0 1.0 -1 
30.0 1.5 -1 
30.0 2.0 -1 
30.0 2.5 -1 
30.0 3.0 52.01 
30.0 3.5 47.76 
30.0 4.0 45.22 
30.0 4.5 43.54 
30.0 5.0 42.34 
30.0 5.5 41.46 
30.0 6.0 40.79 
30.0 6.5 40.27 
30.0 7.0 39.85 
30.0 7.5 39.52 
30.0 8.0 39.24 
30.0 8.5 39.01 
30.0 9.0 38.82 
30.0 9.5 38.66 
30.0 10.0 38.52 
30.0 10.5 38.40 
30.0 11.0 38.29 
30.0 11.5 38.20 
30.0 12.0 38.12 
30.0 12.5 38.05 
30.0 13.0 37.99 
30.0 13.5 37.93 
30.0 14.0 37.88 
30.0 14.5 37.84 
30.0 15.0 37.80 
30.0 15.5 37.76 
30.0 16.0 37.73 
30.0 16.5 37.70 
30.0 17.0 37.67 
30.0 17.5 37.64 
30.0 18.0 37.62 
30.0 18.5 37.60 
30.0 19.0 37.58 
30.0 19.5 37.56 
30.0 20.0 37.54 
30.0 20.5 37.53 
35.0 1.0 -1 
35.0 1.5 -1 
35.0 2.0 -1 
35.0 2.5 -1 
35.0 3.0 -1 
35.0 3.5 57.19 
35.0 4.0 53.46 
35.0 4.5 51.30 
35.0 5.0 49.85 
35.0 5.5 48.83 
35.0 6.0 48.07 
35.0 6.5 47.48 
35.0 7.0 47.02 
35.0 7.5 46.65 
35.0 8.0 46.35 
35.0 8.5 46.11 
35.0 9.0 45.90 
35.0 9.5 45.73 
35.0 10.0 45.58 
35.0 10.5 45.45 
35.0 11.0 45.34 
35.0 11.5 45.24 
35.0 12.0 45.16 
35.0 12.5 45.08 
35.0 13.0 45.02 
35.0 13.5 44.96 
35.0 14.0 44.90 
35.0 14.5 44.86 
35.0 15.0 44.81 
35.0 15.5 44.78 
35.0 16.0 44.74 
35.0 16.5 44.71 
35.0 17.0 44.68 
35.0 17.5 44.65 
35.0 18.0 44.63 
35.0 18.5 44.61 
35.0 19.0 44.59 
35.0 19.5 44.57 
35.0 20.0 44.55 
35.0 20.5 44.53 
40.0 1.0 -1 
40.0 1.5 -1 
40.0 2.0 -1 
40.0 2.5 -1 
40.0 3.0 -1 
40.0 3.5 -1 
40.0 4.0 -1 
40.0 4.5 64.34 
40.0 5.0 60.26 
40.0 5.5 58.40 
40.0 6.0 57.19 
40.0 6.5 56.32 
40.0 7.0 55.67 
40.0 7.5 55.17 
40.0 8.0 54.77 
40.0 8.5 54.44 
40.0 9.0 54.17 
40.0 9.5 53.95 
40.0 10.0 53.76 
40.0 10.5 53.60 
40.0 11.0 53.46 
40.0 11.5 53.34 
40.0 12.0 53.23 
40.0 12.5 53.14 
40.0 13.0 53.06 
40.0 13.5 52.98 
40.0 14.0 52.92 
40.0 14.5 52.86 
40.0 15.0 52.81 
40.0 15.5 52.76 
40.0 16.0 52.72 
40.0 16.5 52.68 
40.0 17.0 52.64 
40.0 17.5 52.61 
40.0 18.0 52.58 
40.0 18.5 52.55 
40.0 19.0 52.53 
40.0 19.5 52.50 
40.0 20.0 52.48 
40.0 20.5 52.46 
45.0 1.0 -1 
45.0 1.5 -1 
45.0 2.0 -1 
45.0 2.5 -1 
45.0 3.0 -1 
45.0 3.5 -1 
45.0 4.0 -1 
45.0 4.5 -1 
45.0 5.0 -1 
45.0 5.5 -1 
45.0 6.0 -1 
45.0 6.5 -1 
45.0 7.0 -1 
45.0 7.5 -1 
45.0 8.0 -1 
45.0 8.5 -1 
45.0 9.0 -1 
45.0 9.5 -1 
45.0 10.0 -1 
45.0 10.5 -1 
45.0 11.0 -1 
45.0 11.5 -1 
45.0 12.0 -1 
45.0 12.5 -1 
45.0 13.0 -1 
45.0 13.5 -1 
45.0 14.0 -1 
45.0 14.5 66.67 
45.0 15.0 66.22 
45.0 15.5 65.91 
45.0 16.0 65.67 
45.0 16.5 65.48 
45.0 17.0 65.31 
45.0 17.5 65.17 
45.0 18.0 65.05 
45.0 18.5 64.94 
45.0 19.0 64.84 
45.0 19.5 64.76 
45.0 20.0 64.68 
45.0 20.5 64.61 
